# year jan feb mar apr may jun jul aug sep opt nov dec
 1995 52 150 105 29 128 105 54 171 146 37 51 127
 1996 49 68 2 102 110 70 60 71 126 57 104 115
 1997 122 8 18 41 63 72 67 62 14 29 178 97
 1998 12 1 6 160 37 58 61 56 96 233 71 17
 1999 31 33 39 140 54 58 14 30 80 67 70 84
 2000 0 12 66 43 64 44 146 25 88 139 278 85
 2001 134 14 112 53 58 83 29 8 197 49 40 19
 2002 19 61 3 93 74 78 40 180 96 145 183 51
 2003 38 31 1 59 4 24 11 23 45 87 121 91
 2004 58 118 41 47 102 76 42 34 63 262 57 76
 2005 14 10 40 87 61 36 57 154 122 52 113 84
 2006 68 48 97 58 94 1 27 218 25 9 63 70
 2007 52 149 51 0 154 65 27 56 169 41 16 18
 2008 69 19 78 118 39 92 75 106 16 82 122 110
 2009 51 51 151 41 22 65 47 23 36 37 129 213
 2010 61 111 52 24 104 130 105 77 267 71 183 150
 2011 27 23 72 22 43 53 124 5 55 96 1 54
 2012 12 18 6 57 93 44 48 33 105 97 125 63
 2013 99 97 188 45 150 52 17 38 97 56 149 22
 2014 101 141 26 95 70 55 139 108 111 111 115 34
 2015 28 18 29 21 46 73 62 107 92 144 24 0
 2016 82 153 45 21 67 109 13 18 54 118 134 0
 2017 67 119 22 75 27 81 6 46 205 65 215 171
 2018 49 75 75 37 43 51 26 72 22 54 43 22 
